Fitting Parameters for FlowMeter
slope: 0.08839494306624411
intercept: -0.0332970277332138
r_value: 0.9781926949401487
p_value: 4.655391078385025e-57
std_err: 0.002085430841795535
